1.000000 0.500000 20.000000 0.700000 5.432871
3.777778 0.500000 20.000000 0.700000 2.438891
6.555556 0.500000 20.000000 0.700000 1.853672
9.333333 0.500000 20.000000 0.700000 1.672699
12.111111 0.500000 20.000000 0.700000 1.612508
14.888889 0.500000 20.000000 0.700000 1.595019
17.666667 0.500000 20.000000 0.700000 1.593487
20.444444 0.500000 20.000000 0.700000 1.602246
23.222222 0.500000 20.000000 0.700000 1.622078
26.000000 0.500000 20.000000 0.700000 1.652858
1.000000 0.600000 20.000000 0.700000 5.670727
3.777778 0.600000 20.000000 0.700000 2.521735
6.555556 0.600000 20.000000 0.700000 1.887857
9.333333 0.600000 20.000000 0.700000 1.690867
12.111111 0.600000 20.000000 0.700000 1.626760
14.888889 0.600000 20.000000 0.700000 1.607094
17.666667 0.600000 20.000000 0.700000 1.601481
20.444444 0.600000 20.000000 0.700000 1.604777
23.222222 0.600000 20.000000 0.700000 1.616077
26.000000 0.600000 20.000000 0.700000 1.639610
1.000000 0.700000 20.000000 0.700000 5.950671
3.777778 0.700000 20.000000 0.700000 2.626374
6.555556 0.700000 20.000000 0.700000 1.935239
9.333333 0.700000 20.000000 0.700000 1.716333
12.111111 0.700000 20.000000 0.700000 1.648678
14.888889 0.700000 20.000000 0.700000 1.625455
17.666667 0.700000 20.000000 0.700000 1.617899
20.444444 0.700000 20.000000 0.700000 1.616427
23.222222 0.700000 20.000000 0.700000 1.620659
26.000000 0.700000 20.000000 0.700000 1.634665
1.000000 0.800000 20.000000 0.700000 6.264886
3.777778 0.800000 20.000000 0.700000 2.750217
6.555556 0.800000 20.000000 0.700000 1.995336
9.333333 0.800000 20.000000 0.700000 1.748721
12.111111 0.800000 20.000000 0.700000 1.673988
14.888889 0.800000 20.000000 0.700000 1.650526
17.666667 0.800000 20.000000 0.700000 1.640068
20.444444 0.800000 20.000000 0.700000 1.636089
23.222222 0.800000 20.000000 0.700000 1.633986
26.000000 0.800000 20.000000 0.700000 1.639966
1.000000 0.500000 22.142857 0.700000 5.371712
3.777778 0.500000 22.142857 0.700000 2.399176
6.555556 0.500000 22.142857 0.700000 1.831856
9.333333 0.500000 22.142857 0.700000 1.664488
12.111111 0.500000 22.142857 0.700000 1.611950
14.888889 0.500000 22.142857 0.700000 1.597296
17.666667 0.500000 22.142857 0.700000 1.595485
20.444444 0.500000 22.142857 0.700000 1.599750
23.222222 0.500000 22.142857 0.700000 1.614438
26.000000 0.500000 22.142857 0.700000 1.639543
1.000000 0.600000 22.142857 0.700000 5.608742
3.777778 0.600000 22.142857 0.700000 2.481588
6.555556 0.600000 22.142857 0.700000 1.865646
9.333333 0.600000 22.142857 0.700000 1.683873
12.111111 0.600000 22.142857 0.700000 1.629262
14.888889 0.600000 22.142857 0.700000 1.613469
17.666667 0.600000 22.142857 0.700000 1.608062
20.444444 0.600000 22.142857 0.700000 1.607956
23.222222 0.600000 22.142857 0.700000 1.614288
26.000000 0.600000 22.142857 0.700000 1.632019
1.000000 0.700000 22.142857 0.700000 5.887648
3.777778 0.700000 22.142857 0.700000 2.585206
6.555556 0.700000 22.142857 0.700000 1.912224
9.333333 0.700000 22.142857 0.700000 1.709715
12.111111 0.700000 22.142857 0.700000 1.652933
14.888889 0.700000 22.142857 0.700000 1.635653
17.666667 0.700000 22.142857 0.700000 1.628820
20.444444 0.700000 22.142857 0.700000 1.625389
23.222222 0.700000 22.142857 0.700000 1.624436
26.000000 0.700000 22.142857 0.700000 1.632925
1.000000 0.800000 22.142857 0.700000 6.201075
3.777778 0.800000 22.142857 0.700000 2.707755
6.555556 0.800000 22.142857 0.700000 1.970993
9.333333 0.800000 22.142857 0.700000 1.741562
12.111111 0.800000 22.142857 0.700000 1.679440
14.888889 0.800000 22.142857 0.700000 1.663180
17.666667 0.800000 22.142857 0.700000 1.655332
20.444444 0.800000 22.142857 0.700000 1.649556
23.222222 0.800000 22.142857 0.700000 1.643944
26.000000 0.800000 22.142857 0.700000 1.643469
1.000000 0.500000 24.285714 0.700000 5.316821
3.777778 0.500000 24.285714 0.700000 2.365272
6.555556 0.500000 24.285714 0.700000 1.815567
9.333333 0.500000 24.285714 0.700000 1.662067
12.111111 0.500000 24.285714 0.700000 1.617272
14.888889 0.500000 24.285714 0.700000 1.605582
17.666667 0.500000 24.285714 0.700000 1.602017
20.444444 0.500000 24.285714 0.700000 1.603508
23.222222 0.500000 24.285714 0.700000 1.612656
26.000000 0.500000 24.285714 0.700000 1.633153
1.000000 0.600000 24.285714 0.700000 5.553187
3.777778 0.600000 24.285714 0.700000 2.446507
6.555556 0.600000 24.285714 0.700000 1.848551
9.333333 0.600000 24.285714 0.700000 1.683172
12.111111 0.600000 24.285714 0.700000 1.637071
14.888889 0.600000 24.285714 0.700000 1.624690
17.666667 0.600000 24.285714 0.700000 1.619971
20.444444 0.600000 24.285714 0.700000 1.616803
23.222222 0.600000 24.285714 0.700000 1.618646
26.000000 0.600000 24.285714 0.700000 1.630122
1.000000 0.700000 24.285714 0.700000 5.831156
3.777778 0.700000 24.285714 0.700000 2.549003
6.555556 0.700000 24.285714 0.700000 1.894352
9.333333 0.700000 24.285714 0.700000 1.708297
12.111111 0.700000 24.285714 0.700000 1.662743
14.888889 0.700000 24.285714 0.700000 1.650845
17.666667 0.700000 24.285714 0.700000 1.644565
20.444444 0.700000 24.285714 0.700000 1.638753
23.222222 0.700000 24.285714 0.700000 1.634542
26.000000 0.700000 24.285714 0.700000 1.637641
1.000000 0.800000 24.285714 0.700000 6.143587
3.777778 0.800000 24.285714 0.700000 2.670193
6.555556 0.800000 24.285714 0.700000 1.951624
9.333333 0.800000 24.285714 0.700000 1.739765
12.111111 0.800000 24.285714 0.700000 1.690663
14.888889 0.800000 24.285714 0.700000 1.681806
17.666667 0.800000 24.285714 0.700000 1.675667
20.444444 0.800000 24.285714 0.700000 1.668364
23.222222 0.800000 24.285714 0.700000 1.658793
26.000000 0.800000 24.285714 0.700000 1.652790
1.000000 0.500000 26.428571 0.700000 5.267062
3.777778 0.500000 26.428571 0.700000 2.335136
6.555556 0.500000 26.428571 0.700000 1.803839
9.333333 0.500000 26.428571 0.700000 1.664766
12.111111 0.500000 26.428571 0.700000 1.627173
14.888889 0.500000 26.428571 0.700000 1.617619
17.666667 0.500000 26.428571 0.700000 1.613698
20.444444 0.500000 26.428571 0.700000 1.611636
23.222222 0.500000 26.428571 0.700000 1.616782
26.000000 0.500000 26.428571 0.700000 1.631693
1.000000 0.600000 26.428571 0.700000 5.502599
3.777778 0.600000 26.428571 0.700000 2.416183
6.555556 0.600000 26.428571 0.700000 1.836403
9.333333 0.600000 26.428571 0.700000 1.686148
12.111111 0.600000 26.428571 0.700000 1.650475
14.888889 0.600000 26.428571 0.700000 1.641387
17.666667 0.600000 26.428571 0.700000 1.635959
20.444444 0.600000 26.428571 0.700000 1.630920
23.222222 0.600000 26.428571 0.700000 1.627790
26.000000 0.600000 26.428571 0.700000 1.633927
1.000000 0.700000 26.428571 0.700000 5.779929
3.777778 0.700000 26.428571 0.700000 2.517301
6.555556 0.700000 26.428571 0.700000 1.881481
9.333333 0.700000 26.428571 0.700000 1.712349
12.111111 0.700000 26.428571 0.700000 1.677622
14.888889 0.700000 26.428571 0.700000 1.671432
17.666667 0.700000 26.428571 0.700000 1.665043
20.444444 0.700000 26.428571 0.700000 1.657825
23.222222 0.700000 26.428571 0.700000 1.648830
26.000000 0.700000 26.428571 0.700000 1.645855
1.000000 0.800000 26.428571 0.700000 6.091458
3.777778 0.800000 26.428571 0.700000 2.637026
6.555556 0.800000 26.428571 0.700000 1.937235
9.333333 0.800000 26.428571 0.700000 1.742662
12.111111 0.800000 26.428571 0.700000 1.705933
14.888889 0.800000 26.428571 0.700000 1.705145
17.666667 0.800000 26.428571 0.700000 1.701219
20.444444 0.800000 26.428571 0.700000 1.692264
23.222222 0.800000 26.428571 0.700000 1.678245
26.000000 0.800000 26.428571 0.700000 1.666829
1.000000 0.500000 28.571429 0.700000 5.221670
3.777778 0.500000 28.571429 0.700000 2.309422
6.555556 0.500000 28.571429 0.700000 1.796235
9.333333 0.500000 28.571429 0.700000 1.671061
12.111111 0.500000 28.571429 0.700000 1.641502
14.888889 0.500000 28.571429 0.700000 1.634474
17.666667 0.500000 28.571429 0.700000 1.629248
20.444444 0.500000 28.571429 0.700000 1.623663
23.222222 0.500000 28.571429 0.700000 1.624610
26.000000 0.500000 28.571429 0.700000 1.634961
1.000000 0.600000 28.571429 0.700000 5.456722
3.777778 0.600000 28.571429 0.700000 2.389480
6.555556 0.600000 28.571429 0.700000 1.828352
9.333333 0.600000 28.571429 0.700000 1.694341
12.111111 0.600000 28.571429 0.700000 1.667241
14.888889 0.600000 28.571429 0.700000 1.661648
17.666667 0.600000 28.571429 0.700000 1.656196
20.444444 0.600000 28.571429 0.700000 1.648435
23.222222 0.600000 28.571429 0.700000 1.640801
26.000000 0.600000 28.571429 0.700000 1.642283
1.000000 0.700000 28.571429 0.700000 5.733445
3.777778 0.700000 28.571429 0.700000 2.489287
6.555556 0.700000 28.571429 0.700000 1.872354
9.333333 0.700000 28.571429 0.700000 1.719687
12.111111 0.700000 28.571429 0.700000 1.696407
14.888889 0.700000 28.571429 0.700000 1.695848
17.666667 0.700000 28.571429 0.700000 1.690143
20.444444 0.700000 28.571429 0.700000 1.679855
23.222222 0.700000 28.571429 0.700000 1.666808
26.000000 0.700000 28.571429 0.700000 1.659267
1.000000 0.800000 28.571429 0.700000 6.044220
3.777778 0.800000 28.571429 0.700000 2.607642
6.555556 0.800000 28.571429 0.700000 1.927040
9.333333 0.800000 28.571429 0.700000 1.750081
12.111111 0.800000 28.571429 0.700000 1.724426
14.888889 0.800000 28.571429 0.700000 1.731850
17.666667 0.800000 28.571429 0.700000 1.730375
20.444444 0.800000 28.571429 0.700000 1.719092
23.222222 0.800000 28.571429 0.700000 1.701283
26.000000 0.800000 28.571429 0.700000 1.685121
1.000000 0.500000 30.714286 0.700000 5.179697
3.777778 0.500000 30.714286 0.700000 2.286562
6.555556 0.500000 30.714286 0.700000 1.792579
9.333333 0.500000 30.714286 0.700000 1.681889
12.111111 0.500000 30.714286 0.700000 1.659461
14.888889 0.500000 30.714286 0.700000 1.653911
17.666667 0.500000 30.714286 0.700000 1.647627
20.444444 0.500000 30.714286 0.700000 1.639994
23.222222 0.500000 30.714286 0.700000 1.637191
26.000000 0.500000 30.714286 0.700000 1.642511
1.000000 0.600000 30.714286 0.700000 5.414332
3.777778 0.600000 30.714286 0.700000 2.365958
6.555556 0.600000 30.714286 0.700000 1.824811
9.333333 0.600000 30.714286 0.700000 1.705086
12.111111 0.600000 30.714286 0.700000 1.687902
14.888889 0.600000 30.714286 0.700000 1.686138
17.666667 0.600000 30.714286 0.700000 1.679534
20.444444 0.600000 30.714286 0.700000 1.668756
23.222222 0.600000 30.714286 0.700000 1.657260
26.000000 0.600000 30.714286 0.700000 1.653690
1.000000 0.700000 30.714286 0.700000 5.690678
3.777778 0.700000 30.714286 0.700000 2.464526
6.555556 0.700000 30.714286 0.700000 1.867284
9.333333 0.700000 30.714286 0.700000 1.731198
12.111111 0.700000 30.714286 0.700000 1.718662
14.888889 0.700000 30.714286 0.700000 1.723854
17.666667 0.700000 30.714286 0.700000 1.718361
20.444444 0.700000 30.714286 0.700000 1.705362
23.222222 0.700000 30.714286 0.700000 1.687161
26.000000 0.700000 30.714286 0.700000 1.675766
1.000000 0.800000 30.714286 0.700000 6.000742
3.777778 0.800000 30.714286 0.700000 2.581233
6.555556 0.800000 30.714286 0.700000 1.920349
9.333333 0.800000 30.714286 0.700000 1.760340
12.111111 0.800000 30.714286 0.700000 1.747431
14.888889 0.800000 30.714286 0.700000 1.762984
17.666667 0.800000 30.714286 0.700000 1.762097
20.444444 0.800000 30.714286 0.700000 1.748830
23.222222 0.800000 30.714286 0.700000 1.727017
26.000000 0.800000 30.714286 0.700000 1.705458
1.000000 0.500000 32.857143 0.700000 5.141146
3.777778 0.500000 32.857143 0.700000 2.267134
6.555556 0.500000 32.857143 0.700000 1.792950
9.333333 0.500000 32.857143 0.700000 1.696001
12.111111 0.500000 32.857143 0.700000 1.680593
14.888889 0.500000 32.857143 0.700000 1.676766
17.666667 0.500000 32.857143 0.700000 1.668885
20.444444 0.500000 32.857143 0.700000 1.658043
23.222222 0.500000 32.857143 0.700000 1.652244
26.000000 0.500000 32.857143 0.700000 1.652713
1.000000 0.600000 32.857143 0.700000 5.375382
3.777778 0.600000 32.857143 0.700000 2.345201
6.555556 0.600000 32.857143 0.700000 1.824405
9.333333 0.600000 32.857143 0.700000 1.720024
12.111111 0.600000 32.857143 0.700000 1.712288
14.888889 0.600000 32.857143 0.700000 1.713226
17.666667 0.600000 32.857143 0.700000 1.705987
20.444444 0.600000 32.857143 0.700000 1.691602
23.222222 0.600000 32.857143 0.700000 1.677406
26.000000 0.600000 32.857143 0.700000 1.669278
1.000000 0.700000 32.857143 0.700000 5.651190
3.777778 0.700000 32.857143 0.700000 2.442729
6.555556 0.700000 32.857143 0.700000 1.865727
9.333333 0.700000 32.857143 0.700000 1.745585
12.111111 0.700000 32.857143 0.700000 1.744421
14.888889 0.700000 32.857143 0.700000 1.754463
17.666667 0.700000 32.857143 0.700000 1.748950
20.444444 0.700000 32.857143 0.700000 1.732658
23.222222 0.700000 32.857143 0.700000 1.711185
26.000000 0.700000 32.857143 0.700000 1.695375
1.000000 0.800000 32.857143 0.700000 5.960559
3.777778 0.800000 32.857143 0.700000 2.557929
6.555556 0.800000 32.857143 0.700000 1.916570
9.333333 0.800000 32.857143 0.700000 1.773778
12.111111 0.800000 32.857143 0.700000 1.772914
14.888889 0.800000 32.857143 0.700000 1.795638
17.666667 0.800000 32.857143 0.700000 1.797140
20.444444 0.800000 32.857143 0.700000 1.780730
23.222222 0.800000 32.857143 0.700000 1.755138
26.000000 0.800000 32.857143 0.700000 1.730168
1.000000 0.500000 35.000000 0.700000 5.105359
3.777778 0.500000 35.000000 0.700000 2.251175
6.555556 0.500000 35.000000 0.700000 1.796137
9.333333 0.500000 35.000000 0.700000 1.712662
12.111111 0.500000 35.000000 0.700000 1.704718
14.888889 0.500000 35.000000 0.700000 1.703040
17.666667 0.500000 35.000000 0.700000 1.693111
20.444444 0.500000 35.000000 0.700000 1.680114
23.222222 0.500000 35.000000 0.700000 1.670741
26.000000 0.500000 35.000000 0.700000 1.666317
1.000000 0.600000 35.000000 0.700000 5.338980
3.777778 0.600000 35.000000 0.700000 2.327662
6.555556 0.600000 35.000000 0.700000 1.827069
9.333333 0.600000 35.000000 0.700000 1.737041
12.111111 0.600000 35.000000 0.700000 1.739092
14.888889 0.600000 35.000000 0.700000 1.742250
17.666667 0.600000 35.000000 0.700000 1.733587
20.444444 0.600000 35.000000 0.700000 1.717303
23.222222 0.600000 35.000000 0.700000 1.699375
26.000000 0.600000 35.000000 0.700000 1.687458
1.000000 0.700000 35.000000 0.700000 5.614239
3.777778 0.700000 35.000000 0.700000 2.423494
6.555556 0.700000 35.000000 0.700000 1.867118
9.333333 0.700000 35.000000 0.700000 1.762531
12.111111 0.700000 35.000000 0.700000 1.771834
14.888889 0.700000 35.000000 0.700000 1.787468
17.666667 0.700000 35.000000 0.700000 1.782025
20.444444 0.700000 35.000000 0.700000 1.762260
23.222222 0.700000 35.000000 0.700000 1.738075
26.000000 0.700000 35.000000 0.700000 1.717467
1.000000 0.800000 35.000000 0.700000 5.923328
3.777778 0.800000 35.000000 0.700000 2.537749
6.555556 0.800000 35.000000 0.700000 1.916000
9.333333 0.800000 35.000000 0.700000 1.790091
12.111111 0.800000 35.000000 0.700000 1.801043
14.888889 0.800000 35.000000 0.700000 1.829643
17.666667 0.800000 35.000000 0.700000 1.833690
20.444444 0.800000 35.000000 0.700000 1.815472
23.222222 0.800000 35.000000 0.700000 1.786026
26.000000 0.800000 35.000000 0.700000 1.756388
1.000000 0.500000 37.142857 0.700000 5.071730
3.777778 0.500000 37.142857 0.700000 2.237435
6.555556 0.500000 37.142857 0.700000 1.802281
9.333333 0.500000 37.142857 0.700000 1.732253
12.111111 0.500000 37.142857 0.700000 1.731635
14.888889 0.500000 37.142857 0.700000 1.730714
17.666667 0.500000 37.142857 0.700000 1.720357
20.444444 0.500000 37.142857 0.700000 1.704313
23.222222 0.500000 37.142857 0.700000 1.690992
26.000000 0.500000 37.142857 0.700000 1.683653
1.000000 0.600000 37.142857 0.700000 5.305243
3.777778 0.600000 37.142857 0.700000 2.312976
6.555556 0.600000 37.142857 0.700000 1.832160
9.333333 0.600000 37.142857 0.700000 1.757121
12.111111 0.600000 37.142857 0.700000 1.767001
14.888889 0.600000 37.142857 0.700000 1.774677
17.666667 0.600000 37.142857 0.700000 1.763913
20.444444 0.600000 37.142857 0.700000 1.745073
23.222222 0.600000 37.142857 0.700000 1.724176
26.000000 0.600000 37.142857 0.700000 1.707973
1.000000 0.700000 37.142857 0.700000 5.580124
3.777778 0.700000 37.142857 0.700000 2.407062
6.555556 0.700000 37.142857 0.700000 1.870793
9.333333 0.700000 37.142857 0.700000 1.781491
12.111111 0.700000 37.142857 0.700000 1.800833
14.888889 0.700000 37.142857 0.700000 1.822840
17.666667 0.700000 37.142857 0.700000 1.816288
20.444444 0.700000 37.142857 0.700000 1.794140
23.222222 0.700000 37.142857 0.700000 1.766498
26.000000 0.700000 37.142857 0.700000 1.742637
1.000000 0.800000 37.142857 0.700000 5.888527
3.777778 0.800000 37.142857 0.700000 2.519936
6.555556 0.800000 37.142857 0.700000 1.917851
9.333333 0.800000 37.142857 0.700000 1.808678
12.111111 0.800000 37.142857 0.700000 1.830035
14.888889 0.800000 37.142857 0.700000 1.867259
17.666667 0.800000 37.142857 0.700000 1.872316
20.444444 0.800000 37.142857 0.700000 1.851912
23.222222 0.800000 37.142857 0.700000 1.818894
26.000000 0.800000 37.142857 0.700000 1.785622
1.000000 0.500000 39.285714 0.700000 5.040408
3.777778 0.500000 39.285714 0.700000 2.226259
6.555556 0.500000 39.285714 0.700000 1.810882
9.333333 0.500000 39.285714 0.700000 1.754015
12.111111 0.500000 39.285714 0.700000 1.760725
14.888889 0.500000 39.285714 0.700000 1.760872
17.666667 0.500000 39.285714 0.700000 1.748074
20.444444 0.500000 39.285714 0.700000 1.729600
23.222222 0.500000 39.285714 0.700000 1.712952
26.000000 0.500000 39.285714 0.700000 1.702014
1.000000 0.600000 39.285714 0.700000 5.273775
3.777778 0.600000 39.285714 0.700000 2.300308
6.555556 0.600000 39.285714 0.700000 1.839253
9.333333 0.600000 39.285714 0.700000 1.778574
12.111111 0.600000 39.285714 0.700000 1.797695
14.888889 0.600000 39.285714 0.700000 1.807490
17.666667 0.600000 39.285714 0.700000 1.796701
20.444444 0.600000 39.285714 0.700000 1.774830
23.222222 0.600000 39.285714 0.700000 1.750691
26.000000 0.600000 39.285714 0.700000 1.731020
1.000000 0.700000 39.285714 0.700000 5.547779
3.777778 0.700000 39.285714 0.700000 2.392541
6.555556 0.700000 39.285714 0.700000 1.876842
9.333333 0.700000 39.285714 0.700000 1.802689
12.111111 0.700000 39.285714 0.700000 1.831406
14.888889 0.700000 39.285714 0.700000 1.859068
17.666667 0.700000 39.285714 0.700000 1.852711
20.444444 0.700000 39.285714 0.700000 1.827765
23.222222 0.700000 39.285714 0.700000 1.797335
26.000000 0.700000 39.285714 0.700000 1.768711
1.000000 0.800000 39.285714 0.700000 5.855936
3.777778 0.800000 39.285714 0.700000 2.503969
6.555556 0.800000 39.285714 0.700000 1.921594
9.333333 0.800000 39.285714 0.700000 1.828692
12.111111 0.800000 39.285714 0.700000 1.861228
14.888889 0.800000 39.285714 0.700000 1.904335
17.666667 0.800000 39.285714 0.700000 1.912315
20.444444 0.800000 39.285714 0.700000 1.890101
23.222222 0.800000 39.285714 0.700000 1.853264
26.000000 0.800000 39.285714 0.700000 1.816014
1.000000 0.500000 41.428571 0.700000 5.010976
3.777778 0.500000 41.428571 0.700000 2.217525
6.555556 0.500000 41.428571 0.700000 1.821511
9.333333 0.500000 41.428571 0.700000 1.777429
12.111111 0.500000 41.428571 0.700000 1.790923
14.888889 0.500000 41.428571 0.700000 1.791893
17.666667 0.500000 41.428571 0.700000 1.777559
20.444444 0.500000 41.428571 0.700000 1.757286
23.222222 0.500000 41.428571 0.700000 1.737500
26.000000 0.500000 41.428571 0.700000 1.722521
1.000000 0.600000 41.428571 0.700000 5.243868
3.777778 0.600000 41.428571 0.700000 2.289453
6.555556 0.600000 41.428571 0.700000 1.849255
9.333333 0.600000 41.428571 0.700000 1.801641
12.111111 0.600000 41.428571 0.700000 1.828671
14.888889 0.600000 41.428571 0.700000 1.842929
17.666667 0.600000 41.428571 0.700000 1.831094
20.444444 0.600000 41.428571 0.700000 1.806123
23.222222 0.600000 41.428571 0.700000 1.779252
26.000000 0.600000 41.428571 0.700000 1.755734
1.000000 0.700000 41.428571 0.700000 5.517749
3.777778 0.700000 41.428571 0.700000 2.380668
6.555556 0.700000 41.428571 0.700000 1.884848
9.333333 0.700000 41.428571 0.700000 1.825652
12.111111 0.700000 41.428571 0.700000 1.864014
14.888889 0.700000 41.428571 0.700000 1.896029
17.666667 0.700000 41.428571 0.700000 1.890025
20.444444 0.700000 41.428571 0.700000 1.863925
23.222222 0.700000 41.428571 0.700000 1.829640
26.000000 0.700000 41.428571 0.700000 1.796798
1.000000 0.800000 41.428571 0.700000 5.825504
3.777778 0.800000 41.428571 0.700000 2.490515
6.555556 0.800000 41.428571 0.700000 1.927269
9.333333 0.800000 41.428571 0.700000 1.850787
12.111111 0.800000 41.428571 0.700000 1.893231
14.888889 0.800000 41.428571 0.700000 1.942846
17.666667 0.800000 41.428571 0.700000 1.951272
20.444444 0.800000 41.428571 0.700000 1.929002
23.222222 0.800000 41.428571 0.700000 1.888920
26.000000 0.800000 41.428571 0.700000 1.847617
1.000000 0.500000 43.571429 0.700000 4.983393
3.777778 0.500000 43.571429 0.700000 2.210055
6.555556 0.500000 43.571429 0.700000 1.832993
9.333333 0.500000 43.571429 0.700000 1.801207
12.111111 0.500000 43.571429 0.700000 1.822515
14.888889 0.500000 43.571429 0.700000 1.825174
17.666667 0.500000 43.571429 0.700000 1.809680
20.444444 0.500000 43.571429 0.700000 1.786207
23.222222 0.500000 43.571429 0.700000 1.763633
26.000000 0.500000 43.571429 0.700000 1.745562
1.000000 0.600000 43.571429 0.700000 5.216009
3.777778 0.600000 43.571429 0.700000 2.280757
6.555556 0.600000 43.571429 0.700000 1.860699
9.333333 0.600000 43.571429 0.700000 1.826732
12.111111 0.600000 43.571429 0.700000 1.862288
14.888889 0.600000 43.571429 0.700000 1.878902
17.666667 0.600000 43.571429 0.700000 1.866365
20.444444 0.600000 43.571429 0.700000 1.839676
23.222222 0.600000 43.571429 0.700000 1.808025
26.000000 0.600000 43.571429 0.700000 1.781189
1.000000 0.700000 43.571429 0.700000 5.489602
3.777778 0.700000 43.571429 0.700000 2.370704
6.555556 0.700000 43.571429 0.700000 1.894683
9.333333 0.700000 43.571429 0.700000 1.850062
12.111111 0.700000 43.571429 0.700000 1.897457
14.888889 0.700000 43.571429 0.700000 1.934884
17.666667 0.700000 43.571429 0.700000 1.928294
20.444444 0.700000 43.571429 0.700000 1.900396
23.222222 0.700000 43.571429 0.700000 1.862908
26.000000 0.700000 43.571429 0.700000 1.826721
1.000000 0.800000 43.571429 0.700000 5.796810
3.777778 0.800000 43.571429 0.700000 2.478747
6.555556 0.800000 43.571429 0.700000 1.935277
9.333333 0.800000 43.571429 0.700000 1.874359
12.111111 0.800000 43.571429 0.700000 1.927073
14.888889 0.800000 43.571429 0.700000 1.983178
17.666667 0.800000 43.571429 0.700000 1.992308
20.444444 0.800000 43.571429 0.700000 1.968575
23.222222 0.800000 43.571429 0.700000 1.926874
26.000000 0.800000 43.571429 0.700000 1.881792
1.000000 0.500000 45.714286 0.700000 4.957520
3.777778 0.500000 45.714286 0.700000 2.204643
6.555556 0.500000 45.714286 0.700000 1.845988
9.333333 0.500000 45.714286 0.700000 1.827050
12.111111 0.500000 45.714286 0.700000 1.855476
14.888889 0.500000 45.714286 0.700000 1.858496
17.666667 0.500000 45.714286 0.700000 1.842378
20.444444 0.500000 45.714286 0.700000 1.816860
23.222222 0.500000 45.714286 0.700000 1.790768
26.000000 0.500000 45.714286 0.700000 1.769506
1.000000 0.600000 45.714286 0.700000 5.189715
3.777778 0.600000 45.714286 0.700000 2.273620
6.555556 0.600000 45.714286 0.700000 1.873858
9.333333 0.600000 45.714286 0.700000 1.852277
12.111111 0.600000 45.714286 0.700000 1.896714
14.888889 0.600000 45.714286 0.700000 1.914696
17.666667 0.600000 45.714286 0.700000 1.902237
20.444444 0.600000 45.714286 0.700000 1.873746
23.222222 0.600000 45.714286 0.700000 1.839100
26.000000 0.600000 45.714286 0.700000 1.808855
1.000000 0.700000 45.714286 0.700000 5.463187
3.777778 0.700000 45.714286 0.700000 2.362375
6.555556 0.700000 45.714286 0.700000 1.906373
9.333333 0.700000 45.714286 0.700000 1.875914
12.111111 0.700000 45.714286 0.700000 1.932479
14.888889 0.700000 45.714286 0.700000 1.972767
17.666667 0.700000 45.714286 0.700000 1.968073
20.444444 0.700000 45.714286 0.700000 1.938196
23.222222 0.700000 45.714286 0.700000 1.897621
26.000000 0.700000 45.714286 0.700000 1.858193
1.000000 0.800000 45.714286 0.700000 5.769527
3.777778 0.800000 45.714286 0.700000 2.469137
6.555556 0.800000 45.714286 0.700000 1.944543
9.333333 0.800000 45.714286 0.700000 1.899707
12.111111 0.800000 45.714286 0.700000 1.961475
14.888889 0.800000 45.714286 0.700000 2.023579
17.666667 0.800000 45.714286 0.700000 2.034365
20.444444 0.800000 45.714286 0.700000 2.009733
23.222222 0.800000 45.714286 0.700000 1.965407
26.000000 0.800000 45.714286 0.700000 1.916685
1.000000 0.500000 47.857143 0.700000 4.932994
3.777778 0.500000 47.857143 0.700000 2.200529
6.555556 0.500000 47.857143 0.700000 1.861395
9.333333 0.500000 47.857143 0.700000 1.853834
12.111111 0.500000 47.857143 0.700000 1.888783
14.888889 0.500000 47.857143 0.700000 1.893256
17.666667 0.500000 47.857143 0.700000 1.876901
20.444444 0.500000 47.857143 0.700000 1.848901
23.222222 0.500000 47.857143 0.700000 1.819766
26.000000 0.500000 47.857143 0.700000 1.795311
1.000000 0.600000 47.857143 0.700000 5.165030
3.777778 0.600000 47.857143 0.700000 2.268408
6.555556 0.600000 47.857143 0.700000 1.888655
9.333333 0.600000 47.857143 0.700000 1.879272
12.111111 0.600000 47.857143 0.700000 1.932174
14.888889 0.600000 47.857143 0.700000 1.953117
17.666667 0.600000 47.857143 0.700000 1.939805
20.444444 0.600000 47.857143 0.700000 1.909552
23.222222 0.600000 47.857143 0.700000 1.871489
26.000000 0.600000 47.857143 0.700000 1.837867
1.000000 0.700000 47.857143 0.700000 5.438354
3.777778 0.700000 47.857143 0.700000 2.355637
6.555556 0.700000 47.857143 0.700000 1.919364
9.333333 0.700000 47.857143 0.700000 1.902399
12.111111 0.700000 47.857143 0.700000 1.967957
14.888889 0.700000 47.857143 0.700000 2.012564
17.666667 0.700000 47.857143 0.700000 2.008232
20.444444 0.700000 47.857143 0.700000 1.977853
23.222222 0.700000 47.857143 0.700000 1.934181
26.000000 0.700000 47.857143 0.700000 1.889788
1.000000 0.800000 47.857143 0.700000 5.743939
3.777778 0.800000 47.857143 0.700000 2.460267
6.555556 0.800000 47.857143 0.700000 1.955522
9.333333 0.800000 47.857143 0.700000 1.927163
12.111111 0.800000 47.857143 0.700000 1.997087
14.888889 0.800000 47.857143 0.700000 2.064074
17.666667 0.800000 47.857143 0.700000 2.075343
20.444444 0.800000 47.857143 0.700000 2.052091
23.222222 0.800000 47.857143 0.700000 2.005578
26.000000 0.800000 47.857143 0.700000 1.952574
1.000000 0.500000 50.000000 0.700000 4.909878
3.777778 0.500000 50.000000 0.700000 2.198093
6.555556 0.500000 50.000000 0.700000 1.878240
9.333333 0.500000 50.000000 0.700000 1.881182
12.111111 0.500000 50.000000 0.700000 1.923542
14.888889 0.500000 50.000000 0.700000 1.929263
17.666667 0.500000 50.000000 0.700000 1.912298
20.444444 0.500000 50.000000 0.700000 1.882320
23.222222 0.500000 50.000000 0.700000 1.850095
26.000000 0.500000 50.000000 0.700000 1.822122
1.000000 0.600000 50.000000 0.700000 5.141707
3.777778 0.600000 50.000000 0.700000 2.264661
6.555556 0.600000 50.000000 0.700000 1.904435
9.333333 0.600000 50.000000 0.700000 1.906926
12.111111 0.600000 50.000000 0.700000 1.967804
14.888889 0.600000 50.000000 0.700000 1.989993
17.666667 0.600000 50.000000 0.700000 1.978438
20.444444 0.600000 50.000000 0.700000 1.946415
23.222222 0.600000 50.000000 0.700000 1.905148
26.000000 0.600000 50.000000 0.700000 1.868044
1.000000 0.700000 50.000000 0.700000 5.414624
3.777778 0.700000 50.000000 0.700000 2.350459
6.555556 0.700000 50.000000 0.700000 1.933868
9.333333 0.700000 50.000000 0.700000 1.930253
12.111111 0.700000 50.000000 0.700000 2.005109
14.888889 0.700000 50.000000 0.700000 2.051711
17.666667 0.700000 50.000000 0.700000 2.048466
20.444444 0.700000 50.000000 0.700000 2.018160
23.222222 0.700000 50.000000 0.700000 1.971303
26.000000 0.700000 50.000000 0.700000 1.924234
1.000000 0.800000 50.000000 0.700000 5.719836
3.777778 0.800000 50.000000 0.700000 2.453302
6.555556 0.800000 50.000000 0.700000 1.967911
9.333333 0.800000 50.000000 0.700000 1.954591
12.111111 0.800000 50.000000 0.700000 2.033642
14.888889 0.800000 50.000000 0.700000 2.105230
17.666667 0.800000 50.000000 0.700000 2.118134
20.444444 0.800000 50.000000 0.700000 2.095847
23.222222 0.800000 50.000000 0.700000 2.046666
26.000000 0.800000 50.000000 0.700000 1.990095
1.000000 0.500000 20.000000 0.800000 5.412707
3.777778 0.500000 20.000000 0.800000 2.423451
6.555556 0.500000 20.000000 0.800000 1.844418
9.333333 0.500000 20.000000 0.800000 1.668339
12.111111 0.500000 20.000000 0.800000 1.610737
14.888889 0.500000 20.000000 0.800000 1.593937
17.666667 0.500000 20.000000 0.800000 1.591866
20.444444 0.500000 20.000000 0.800000 1.599569
23.222222 0.500000 20.000000 0.800000 1.618010
26.000000 0.500000 20.000000 0.800000 1.647386
1.000000 0.600000 20.000000 0.800000 5.650534
3.777778 0.600000 20.000000 0.800000 2.506056
6.555556 0.600000 20.000000 0.800000 1.878526
9.333333 0.600000 20.000000 0.800000 1.687064
12.111111 0.600000 20.000000 0.800000 1.626214
14.888889 0.600000 20.000000 0.800000 1.607640
17.666667 0.600000 20.000000 0.800000 1.601727
20.444444 0.600000 20.000000 0.800000 1.603936
23.222222 0.600000 20.000000 0.800000 1.613767
26.000000 0.600000 20.000000 0.800000 1.635806
1.000000 0.700000 20.000000 0.800000 5.930360
3.777778 0.700000 20.000000 0.800000 2.610265
6.555556 0.700000 20.000000 0.800000 1.925509
9.333333 0.700000 20.000000 0.800000 1.712745
12.111111 0.700000 20.000000 0.800000 1.649062
14.888889 0.700000 20.000000 0.800000 1.627504
17.666667 0.700000 20.000000 0.800000 1.619886
20.444444 0.700000 20.000000 0.800000 1.617491
23.222222 0.700000 20.000000 0.800000 1.620194
26.000000 0.700000 20.000000 0.800000 1.632453
1.000000 0.800000 20.000000 0.800000 6.244656
3.777778 0.800000 20.000000 0.800000 2.733663
6.555556 0.800000 20.000000 0.800000 1.985152
9.333333 0.800000 20.000000 0.800000 1.745023
12.111111 0.800000 20.000000 0.800000 1.674925
14.888889 0.800000 20.000000 0.800000 1.653855
17.666667 0.800000 20.000000 0.800000 1.643800
20.444444 0.800000 20.000000 0.800000 1.638994
23.222222 0.800000 20.000000 0.800000 1.635312
26.000000 0.800000 20.000000 0.800000 1.639487
1.000000 0.500000 22.142857 0.800000 5.352556
3.777778 0.500000 22.142857 0.800000 2.384596
6.555556 0.500000 22.142857 0.800000 1.823373
9.333333 0.500000 22.142857 0.800000 1.660887
12.111111 0.500000 22.142857 0.800000 1.610946
14.888889 0.500000 22.142857 0.800000 1.597028
17.666667 0.500000 22.142857 0.800000 1.594819
20.444444 0.500000 22.142857 0.800000 1.598047
23.222222 0.500000 22.142857 0.800000 1.611439
26.000000 0.500000 22.142857 0.800000 1.635229
1.000000 0.600000 22.142857 0.800000 5.589550
3.777778 0.600000 22.142857 0.800000 2.466722
6.555556 0.600000 22.142857 0.800000 1.857169
9.333333 0.600000 22.142857 0.800000 1.680828
12.111111 0.600000 22.142857 0.800000 1.629390
14.888889 0.600000 22.142857 0.800000 1.614760
17.666667 0.600000 22.142857 0.800000 1.609085
20.444444 0.600000 22.142857 0.800000 1.608027
23.222222 0.600000 22.142857 0.800000 1.612933
26.000000 0.600000 22.142857 0.800000 1.629245
1.000000 0.700000 22.142857 0.800000 5.868306
3.777778 0.700000 22.142857 0.800000 2.569965
6.555556 0.700000 22.142857 0.800000 1.903393
9.333333 0.700000 22.142857 0.800000 1.706870
12.111111 0.700000 22.142857 0.800000 1.653867
14.888889 0.700000 22.142857 0.800000 1.638331
17.666667 0.700000 22.142857 0.800000 1.631596
20.444444 0.700000 22.142857 0.800000 1.627183
23.222222 0.700000 22.142857 0.800000 1.624880
26.000000 0.700000 22.142857 0.800000 1.631762
1.000000 0.800000 22.142857 0.800000 6.181689
3.777778 0.800000 22.142857 0.800000 2.692058
6.555556 0.800000 22.142857 0.800000 1.961582
9.333333 0.800000 22.142857 0.800000 1.738513
12.111111 0.800000 22.142857 0.800000 1.680943
14.888889 0.800000 22.142857 0.800000 1.667054
17.666667 0.800000 22.142857 0.800000 1.659663
20.444444 0.800000 22.142857 0.800000 1.653097
23.222222 0.800000 22.142857 0.800000 1.646152
26.000000 0.800000 22.142857 0.800000 1.644079
1.000000 0.500000 24.285714 0.800000 5.298407
3.777778 0.500000 24.285714 0.800000 2.351504
6.555556 0.500000 24.285714 0.800000 1.807861
9.333333 0.500000 24.285714 0.800000 1.659182
12.111111 0.500000 24.285714 0.800000 1.616961
14.888889 0.500000 24.285714 0.800000 1.606041
17.666667 0.500000 24.285714 0.800000 1.602100
20.444444 0.500000 24.285714 0.800000 1.602669
23.222222 0.500000 24.285714 0.800000 1.610605
26.000000 0.500000 24.285714 0.800000 1.629856
1.000000 0.600000 24.285714 0.800000 5.534842
3.777778 0.600000 24.285714 0.800000 2.432436
6.555556 0.600000 24.285714 0.800000 1.840748
9.333333 0.600000 24.285714 0.800000 1.680763
12.111111 0.600000 24.285714 0.800000 1.637800
14.888889 0.600000 24.285714 0.800000 1.626667
17.666667 0.600000 24.285714 0.800000 1.621773
20.444444 0.600000 24.285714 0.800000 1.617699
23.222222 0.600000 24.285714 0.800000 1.618285
26.000000 0.600000 24.285714 0.800000 1.628283
1.000000 0.700000 24.285714 0.800000 5.812678
3.777778 0.700000 24.285714 0.800000 2.534596
6.555556 0.700000 24.285714 0.800000 1.886224
9.333333 0.700000 24.285714 0.800000 1.706013
12.111111 0.700000 24.285714 0.800000 1.664251
14.888889 0.700000 24.285714 0.800000 1.654030
17.666667 0.700000 24.285714 0.800000 1.647867
20.444444 0.700000 24.285714 0.800000 1.641290
23.222222 0.700000 24.285714 0.800000 1.635884
26.000000 0.700000 24.285714 0.800000 1.637470
1.000000 0.800000 24.285714 0.800000 6.125118
3.777778 0.800000 24.285714 0.800000 2.655263
6.555556 0.800000 24.285714 0.800000 1.942933
9.333333 0.800000 24.285714 0.800000 1.737337
12.111111 0.800000 24.285714 0.800000 1.692604
14.888889 0.800000 24.285714 0.800000 1.686060
17.666667 0.800000 24.285714 0.800000 1.680467
20.444444 0.800000 24.285714 0.800000 1.672509
23.222222 0.800000 24.285714 0.800000 1.661753
26.000000 0.800000 24.285714 0.800000 1.654193
1.000000 0.500000 26.428571 0.800000 5.249527
3.777778 0.500000 26.428571 0.800000 2.322147
6.555556 0.500000 26.428571 0.800000 1.796868
9.333333 0.500000 26.428571 0.800000 1.662524
12.111111 0.500000 26.428571 0.800000 1.627447
14.888889 0.500000 26.428571 0.800000 1.618790
17.666667 0.500000 26.428571 0.800000 1.614551
20.444444 0.500000 26.428571 0.800000 1.611625
23.222222 0.500000 26.428571 0.800000 1.615569
26.000000 0.500000 26.428571 0.800000 1.629239
1.000000 0.600000 26.428571 0.800000 5.485019
3.777778 0.600000 26.428571 0.800000 2.402888
6.555556 0.600000 26.428571 0.800000 1.829332
9.333333 0.600000 26.428571 0.800000 1.684353
12.111111 0.600000 26.428571 0.800000 1.651764
14.888889 0.600000 26.428571 0.800000 1.643872
17.666667 0.600000 26.428571 0.800000 1.638387
20.444444 0.600000 26.428571 0.800000 1.632495
23.222222 0.600000 26.428571 0.800000 1.628176
26.000000 0.600000 26.428571 0.800000 1.632995
1.000000 0.700000 26.428571 0.800000 5.762238
3.777778 0.700000 26.428571 0.800000 2.503523
6.555556 0.700000 26.428571 0.800000 1.873999
9.333333 0.700000 26.428571 0.800000 1.710629
12.111111 0.700000 26.428571 0.800000 1.679610
14.888889 0.700000 26.428571 0.800000 1.675073
17.666667 0.700000 26.428571 0.800000 1.668853
20.444444 0.700000 26.428571 0.800000 1.660993
23.222222 0.700000 26.428571 0.800000 1.650756
26.000000 0.700000 26.428571 0.800000 1.646374
1.000000 0.800000 26.428571 0.800000 6.073687
3.777778 0.800000 26.428571 0.800000 2.622871
6.555556 0.800000 26.428571 0.800000 1.929226
9.333333 0.800000 26.428571 0.800000 1.740782
12.111111 0.800000 26.428571 0.800000 1.708311
14.888889 0.800000 26.428571 0.800000 1.709696
17.666667 0.800000 26.428571 0.800000 1.706397
20.444444 0.800000 26.428571 0.800000 1.696920
23.222222 0.800000 26.428571 0.800000 1.681717
26.000000 0.800000 26.428571 0.800000 1.668934
1.000000 0.500000 28.571429 0.800000 5.204691
3.777778 0.500000 28.571429 0.800000 2.296982
6.555556 0.500000 28.571429 0.800000 1.789931
9.333333 0.500000 28.571429 0.800000 1.669472
12.111111 0.500000 28.571429 0.800000 1.642432
14.888889 0.500000 28.571429 0.800000 1.636175
17.666667 0.500000 28.571429 0.800000 1.630730
20.444444 0.500000 28.571429 0.800000 1.624315
23.222222 0.500000 28.571429 0.800000 1.624159
26.000000 0.500000 28.571429 0.800000 1.633367
1.000000 0.600000 28.571429 0.800000 5.439599
3.777778 0.600000 28.571429 0.800000 2.376798
6.555556 0.600000 28.571429 0.800000 1.821923
9.333333 0.600000 28.571429 0.800000 1.693043
12.111111 0.600000 28.571429 0.800000 1.669011
14.888889 0.600000 28.571429 0.800000 1.664609
17.666667 0.600000 28.571429 0.800000 1.659089
20.444444 0.600000 28.571429 0.800000 1.650616
23.222222 0.600000 28.571429 0.800000 1.641805
26.000000 0.600000 28.571429 0.800000 1.642072
1.000000 0.700000 28.571429 0.800000 5.716403
3.777778 0.700000 28.571429 0.800000 2.476202
6.555556 0.700000 28.571429 0.800000 1.865534
9.333333 0.700000 28.571429 0.800000 1.718560
12.111111 0.700000 28.571429 0.800000 1.698806
14.888889 0.700000 28.571429 0.800000 1.699903
17.666667 0.700000 28.571429 0.800000 1.694431
20.444444 0.700000 28.571429 0.800000 1.683444
23.222222 0.700000 28.571429 0.800000 1.669357
26.000000 0.700000 28.571429 0.800000 1.660478
1.000000 0.800000 28.571429 0.800000 6.027132
3.777778 0.800000 28.571429 0.800000 2.594080
6.555556 0.800000 28.571429 0.800000 1.919648
9.333333 0.800000 28.571429 0.800000 1.748713
12.111111 0.800000 28.571429 0.800000 1.727202
14.888889 0.800000 28.571429 0.800000 1.736773
17.666667 0.800000 28.571429 0.800000 1.735834
20.444444 0.800000 28.571429 0.800000 1.724187
23.222222 0.800000 28.571429 0.800000 1.705366
26.000000 0.800000 28.571429 0.800000 1.687796
1.000000 0.500000 30.714286 0.800000 5.163265
3.777778 0.500000 30.714286 0.800000 2.274780
6.555556 0.500000 30.714286 0.800000 1.786918
9.333333 0.500000 30.714286 0.800000 1.680728
12.111111 0.500000 30.714286 0.800000 1.660831
14.888889 0.500000 30.714286 0.800000 1.656122
17.666667 0.500000 30.714286 0.800000 1.649643
20.444444 0.500000 30.714286 0.800000 1.641255
23.222222 0.500000 30.714286 0.800000 1.637378
26.000000 0.500000 30.714286 0.800000 1.641514
1.000000 0.600000 30.714286 0.800000 5.397947
3.777778 0.600000 30.714286 0.800000 2.353866
6.555556 0.600000 30.714286 0.800000 1.818939
9.333333 0.600000 30.714286 0.800000 1.704294
12.111111 0.600000 30.714286 0.800000 1.690107
14.888889 0.600000 30.714286 0.800000 1.689480
17.666667 0.600000 30.714286 0.800000 1.682788
20.444444 0.600000 30.714286 0.800000 1.671431
23.222222 0.600000 30.714286 0.800000 1.658883
26.000000 0.600000 30.714286 0.800000 1.654130
1.000000 0.700000 30.714286 0.800000 5.674117
3.777778 0.700000 30.714286 0.800000 2.452031
6.555556 0.700000 30.714286 0.800000 1.861061
9.333333 0.700000 30.714286 0.800000 1.730497
12.111111 0.700000 30.714286 0.800000 1.721440
14.888889 0.700000 30.714286 0.800000 1.728192
17.666667 0.700000 30.714286 0.800000 1.722975
20.444444 0.700000 30.714286 0.800000 1.709455
23.222222 0.700000 30.714286 0.800000 1.690261
26.000000 0.700000 30.714286 0.800000 1.677590
1.000000 0.800000 30.714286 0.800000 5.984288
3.777778 0.800000 30.714286 0.800000 2.568333
6.555556 0.800000 30.714286 0.800000 1.913553
9.333333 0.800000 30.714286 0.800000 1.759465
12.111111 0.800000 30.714286 0.800000 1.750584
14.888889 0.800000 30.714286 0.800000 1.768110
17.666667 0.800000 30.714286 0.800000 1.767856
20.444444 0.800000 30.714286 0.800000 1.754200
23.222222 0.800000 30.714286 0.800000 1.731514
26.000000 0.800000 30.714286 0.800000 1.708755
1.000000 0.500000 32.857143 0.800000 5.125354
3.777778 0.500000 32.857143 0.800000 2.255938
6.555556 0.500000 32.857143 0.800000 1.787830
9.333333 0.500000 32.857143 0.800000 1.695378
12.111111 0.500000 32.857143 0.800000 1.682352
14.888889 0.500000 32.857143 0.800000 1.679352
17.666667 0.500000 32.857143 0.800000 1.671309
20.444444 0.500000 32.857143 0.800000 1.659789
23.222222 0.500000 32.857143 0.800000 1.653030
26.000000 0.500000 32.857143 0.800000 1.652409
1.000000 0.600000 32.857143 0.800000 5.359498
3.777778 0.600000 32.857143 0.800000 2.333723
6.555556 0.600000 32.857143 0.800000 1.819082
9.333333 0.600000 32.857143 0.800000 1.719695
12.111111 0.600000 32.857143 0.800000 1.714801
14.888889 0.600000 32.857143 0.800000 1.716930
17.666667 0.600000 32.857143 0.800000 1.709710
20.444444 0.600000 32.857143 0.800000 1.694758
23.222222 0.600000 32.857143 0.800000 1.679547
26.000000 0.600000 32.857143 0.800000 1.670309
1.000000 0.700000 32.857143 0.800000 5.635260
3.777778 0.700000 32.857143 0.800000 2.430810
6.555556 0.700000 32.857143 0.800000 1.860024
9.333333 0.700000 32.857143 0.800000 1.745330
12.111111 0.700000 32.857143 0.800000 1.747545
14.888889 0.700000 32.857143 0.800000 1.759124
17.666667 0.700000 32.857143 0.800000 1.753938
20.444444 0.700000 32.857143 0.800000 1.737124
23.222222 0.700000 32.857143 0.800000 1.714723
26.000000 0.700000 32.857143 0.800000 1.697776
1.000000 0.800000 32.857143 0.800000 5.944696
3.777778 0.800000 32.857143 0.800000 2.545577
6.555556 0.800000 32.857143 0.800000 1.910309
9.333333 0.800000 32.857143 0.800000 1.773276
12.111111 0.800000 32.857143 0.800000 1.776270
14.888889 0.800000 32.857143 0.800000 1.801021
17.666667 0.800000 32.857143 0.800000 1.803099
20.444444 0.800000 32.857143 0.800000 1.786429
23.222222 0.800000 32.857143 0.800000 1.759932
26.000000 0.800000 32.857143 0.800000 1.733792
1.000000 0.500000 35.000000 0.800000 5.089963
3.777778 0.500000 35.000000 0.800000 2.240460
6.555556 0.500000 35.000000 0.800000 1.791483
9.333333 0.500000 35.000000 0.800000 1.712466
12.111111 0.500000 35.000000 0.800000 1.706849
14.888889 0.500000 35.000000 0.800000 1.705933
17.666667 0.500000 35.000000 0.800000 1.695980
20.444444 0.500000 35.000000 0.800000 1.682338
23.222222 0.500000 35.000000 0.800000 1.672030
26.000000 0.500000 35.000000 0.800000 1.666578
1.000000 0.600000 35.000000 0.800000 5.323625
3.777778 0.600000 35.000000 0.800000 2.316694
6.555556 0.600000 35.000000 0.800000 1.822290
9.333333 0.600000 35.000000 0.800000 1.737144
12.111111 0.600000 35.000000 0.800000 1.741982
14.888889 0.600000 35.000000 0.800000 1.746249
17.666667 0.600000 35.000000 0.800000 1.737720
20.444444 0.600000 35.000000 0.800000 1.720882
23.222222 0.600000 35.000000 0.800000 1.701996
26.000000 0.600000 35.000000 0.800000 1.688961
1.000000 0.700000 35.000000 0.800000 5.598796
3.777778 0.700000 35.000000 0.800000 2.412104
6.555556 0.700000 35.000000 0.800000 1.861905
9.333333 0.700000 35.000000 0.800000 1.762651
12.111111 0.700000 35.000000 0.800000 1.775217
14.888889 0.700000 35.000000 0.800000 1.792326
17.666667 0.700000 35.000000 0.800000 1.787235
20.444444 0.700000 35.000000 0.800000 1.767042
23.222222 0.700000 35.000000 0.800000 1.741969
26.000000 0.700000 35.000000 0.800000 1.720211
1.000000 0.800000 35.000000 0.800000 5.907965
3.777778 0.800000 35.000000 0.800000 2.525872
6.555556 0.800000 35.000000 0.800000 1.910244
9.333333 0.800000 35.000000 0.800000 1.789961
12.111111 0.800000 35.000000 0.800000 1.804703
14.888889 0.800000 35.000000 0.800000 1.835210
17.666667 0.800000 35.000000 0.800000 1.839859
20.444444 0.800000 35.000000 0.800000 1.821311
23.222222 0.800000 35.000000 0.800000 1.791126
26.000000 0.800000 35.000000 0.800000 1.760423
1.000000 0.500000 37.142857 0.800000 5.056910
3.777778 0.500000 37.142857 0.800000 2.227260
6.555556 0.500000 37.142857 0.800000 1.798129
9.333333 0.500000 37.142857 0.800000 1.732457
12.111111 0.500000 37.142857 0.800000 1.734066
14.888889 0.500000 37.142857 0.800000 1.733965
17.666667 0.500000 37.142857 0.800000 1.723650
20.444444 0.500000 37.142857 0.800000 1.706980
23.222222 0.500000 37.142857 0.800000 1.692744
26.000000 0.500000 37.142857 0.800000 1.684361
1.000000 0.600000 37.142857 0.800000 5.290315
3.777778 0.600000 37.142857 0.800000 2.302453
6.555556 0.600000 37.142857 0.800000 1.827876
9.333333 0.600000 37.142857 0.800000 1.757603
12.111111 0.600000 37.142857 0.800000 1.770143
14.888889 0.600000 37.142857 0.800000 1.778896
17.666667 0.600000 37.142857 0.800000 1.768338
20.444444 0.600000 37.142857 0.800000 1.748917
23.222222 0.600000 37.142857 0.800000 1.727174
26.000000 0.600000 37.142857 0.800000 1.709981
1.000000 0.700000 37.142857 0.800000 5.565241
3.777778 0.700000 37.142857 0.800000 2.396204
6.555556 0.700000 37.142857 0.800000 1.866011
9.333333 0.700000 37.142857 0.800000 1.781951
12.111111 0.700000 37.142857 0.800000 1.804394
14.888889 0.700000 37.142857 0.800000 1.827871
17.666667 0.700000 37.142857 0.800000 1.821666
20.444444 0.700000 37.142857 0.800000 1.799134
23.222222 0.700000 37.142857 0.800000 1.770690
26.000000 0.700000 37.142857 0.800000 1.745809
1.000000 0.800000 37.142857 0.800000 5.873581
3.777778 0.800000 37.142857 0.800000 2.508619
6.555556 0.800000 37.142857 0.800000 1.912544
9.333333 0.800000 37.142857 0.800000 1.808903
12.111111 0.800000 37.142857 0.800000 1.833883
14.888889 0.800000 37.142857 0.800000 1.872920
17.666667 0.800000 37.142857 0.800000 1.878550
20.444444 0.800000 37.142857 0.800000 1.857948
23.222222 0.800000 37.142857 0.800000 1.824257
26.000000 0.800000 37.142857 0.800000 1.789977
1.000000 0.500000 39.285714 0.800000 5.025952
3.777778 0.500000 39.285714 0.800000 2.216496
6.555556 0.500000 39.285714 0.800000 1.807216
9.333333 0.500000 39.285714 0.800000 1.754579
12.111111 0.500000 39.285714 0.800000 1.763407
14.888889 0.500000 39.285714 0.800000 1.764454
17.666667 0.500000 39.285714 0.800000 1.751620
20.444444 0.500000 39.285714 0.800000 1.732546
23.222222 0.500000 39.285714 0.800000 1.715121
26.000000 0.500000 39.285714 0.800000 1.703203
1.000000 0.600000 39.285714 0.800000 5.259262
3.777778 0.600000 39.285714 0.800000 2.290223
6.555556 0.600000 39.285714 0.800000 1.835393
9.333333 0.600000 39.285714 0.800000 1.779401
12.111111 0.600000 39.285714 0.800000 1.801060
14.888889 0.600000 39.285714 0.800000 1.811946
17.666667 0.600000 39.285714 0.800000 1.801231
20.444444 0.600000 39.285714 0.800000 1.778918
23.222222 0.600000 39.285714 0.800000 1.754041
26.000000 0.600000 39.285714 0.800000 1.733454
1.000000 0.700000 39.285714 0.800000 5.533215
3.777778 0.700000 39.285714 0.800000 2.382068
6.555556 0.700000 39.285714 0.800000 1.872580
9.333333 0.700000 39.285714 0.800000 1.803500
12.111111 0.700000 39.285714 0.800000 1.835184
14.888889 0.700000 39.285714 0.800000 1.864304
17.666667 0.700000 39.285714 0.800000 1.858228
20.444444 0.700000 39.285714 0.800000 1.832938
23.222222 0.700000 39.285714 0.800000 1.801765
26.000000 0.700000 39.285714 0.800000 1.772243
1.000000 0.800000 39.285714 0.800000 5.841333
3.777778 0.800000 39.285714 0.800000 2.493055
6.555556 0.800000 39.285714 0.800000 1.916705
9.333333 0.800000 39.285714 0.800000 1.829211
12.111111 0.800000 39.285714 0.800000 1.865209
14.888889 0.800000 39.285714 0.800000 1.910207
17.666667 0.800000 39.285714 0.800000 1.918723
20.444444 0.800000 39.285714 0.800000 1.896259
23.222222 0.800000 39.285714 0.800000 1.858804
26.000000 0.800000 39.285714 0.800000 1.820635
1.000000 0.500000 41.428571 0.800000 4.996967
3.777778 0.500000 41.428571 0.800000 2.208277
6.555556 0.500000 41.428571 0.800000 1.818225
9.333333 0.500000 41.428571 0.800000 1.778283
12.111111 0.500000 41.428571 0.800000 1.793881
14.888889 0.500000 41.428571 0.800000 1.795731
17.666667 0.500000 41.428571 0.800000 1.781288
20.444444 0.500000 41.428571 0.800000 1.760566
23.222222 0.500000 41.428571 0.800000 1.739990
26.000000 0.500000 41.428571 0.800000 1.724091
1.000000 0.600000 41.428571 0.800000 5.229848
3.777778 0.600000 41.428571 0.800000 2.279870
6.555556 0.600000 41.428571 0.800000 1.845798
9.333333 0.600000 41.428571 0.800000 1.802764
12.111111 0.600000 41.428571 0.800000 1.832251
14.888889 0.600000 41.428571 0.800000 1.847552
17.666667 0.600000 41.428571 0.800000 1.835885
20.444444 0.600000 41.428571 0.800000 1.810415
23.222222 0.600000 41.428571 0.800000 1.782838
26.000000 0.600000 41.428571 0.800000 1.758485
1.000000 0.700000 41.428571 0.800000 5.503661
3.777778 0.700000 41.428571 0.800000 2.370646
6.555556 0.700000 41.428571 0.800000 1.880957
9.333333 0.700000 41.428571 0.800000 1.826720
12.111111 0.700000 41.428571 0.800000 1.867973
14.888889 0.700000 41.428571 0.800000 1.901396
17.666667 0.700000 41.428571 0.800000 1.895678
20.444444 0.700000 41.428571 0.800000 1.869282
23.222222 0.700000 41.428571 0.800000 1.834290
26.000000 0.700000 41.428571 0.800000 1.800582
1.000000 0.800000 41.428571 0.800000 5.811395
3.777778 0.800000 41.428571 0.800000 2.480020
6.555556 0.800000 41.428571 0.800000 1.922853
9.333333 0.800000 41.428571 0.800000 1.851582
12.111111 0.800000 41.428571 0.800000 1.897398
14.888889 0.800000 41.428571 0.800000 1.948810
17.666667 0.800000 41.428571 0.800000 1.957769
20.444444 0.800000 41.428571 0.800000 1.935343
23.222222 0.800000 41.428571 0.800000 1.894622
26.000000 0.800000 41.428571 0.800000 1.852489
1.000000 0.500000 43.571429 0.800000 4.969748
3.777778 0.500000 43.571429 0.800000 2.201193
6.555556 0.500000 43.571429 0.800000 1.830123
9.333333 0.500000 43.571429 0.800000 1.802341
12.111111 0.500000 43.571429 0.800000 1.825721
14.888889 0.500000 43.571429 0.800000 1.829152
17.666667 0.500000 43.571429 0.800000 1.813609
20.444444 0.500000 43.571429 0.800000 1.789673
23.222222 0.500000 43.571429 0.800000 1.766456
26.000000 0.500000 43.571429 0.800000 1.747490
1.000000 0.600000 43.571429 0.800000 5.202345
3.777778 0.600000 43.571429 0.800000 2.271560
6.555556 0.600000 43.571429 0.800000 1.857601
9.333333 0.600000 43.571429 0.800000 1.828038
12.111111 0.600000 43.571429 0.800000 1.866077
14.888889 0.600000 43.571429 0.800000 1.883647
17.666667 0.600000 43.571429 0.800000 1.871292
20.444444 0.600000 43.571429 0.800000 1.844219
23.222222 0.600000 43.571429 0.800000 1.811893
26.000000 0.600000 43.571429 0.800000 1.784179
1.000000 0.700000 43.571429 0.800000 5.475844
3.777778 0.700000 43.571429 0.800000 2.361123
6.555556 0.700000 43.571429 0.800000 1.891198
9.333333 0.700000 43.571429 0.800000 1.851422
12.111111 0.700000 43.571429 0.800000 1.901656
14.888889 0.700000 43.571429 0.800000 1.940347
17.666667 0.700000 43.571429 0.800000 1.934081
20.444444 0.700000 43.571429 0.800000 1.905880
23.222222 0.700000 43.571429 0.800000 1.867809
26.000000 0.700000 43.571429 0.800000 1.830781
1.000000 0.800000 43.571429 0.800000 5.783015
3.777778 0.800000 43.571429 0.800000 2.468669
6.555556 0.800000 43.571429 0.800000 1.931209
9.333333 0.800000 43.571429 0.800000 1.875473
12.111111 0.800000 43.571429 0.800000 1.931392
14.888889 0.800000 43.571429 0.800000 1.989108
17.666667 0.800000 43.571429 0.800000 1.998812
20.444444 0.800000 43.571429 0.800000 1.974963
23.222222 0.800000 43.571429 0.800000 1.932760
26.000000 0.800000 43.571429 0.800000 1.886788
1.000000 0.500000 45.714286 0.800000 4.944229
3.777778 0.500000 45.714286 0.800000 2.196177
6.555556 0.500000 45.714286 0.800000 1.843484
9.333333 0.500000 45.714286 0.800000 1.828501
12.111111 0.500000 45.714286 0.800000 1.858946
14.888889 0.500000 45.714286 0.800000 1.862613
17.666667 0.500000 45.714286 0.800000 1.846449
20.444444 0.500000 45.714286 0.800000 1.820566
23.222222 0.500000 45.714286 0.800000 1.793869
26.000000 0.500000 45.714286 0.800000 1.771759
1.000000 0.600000 45.714286 0.800000 5.176298
3.777778 0.600000 45.714286 0.800000 2.264793
6.555556 0.600000 45.714286 0.800000 1.871131
9.333333 0.600000 45.714286 0.800000 1.853887
12.111111 0.600000 45.714286 0.800000 1.900684
14.888889 0.600000 45.714286 0.800000 1.919604
17.666667 0.600000 45.714286 0.800000 1.907264
20.444444 0.600000 45.714286 0.800000 1.878443
23.222222 0.600000 45.714286 0.800000 1.843210
26.000000 0.600000 45.714286 0.800000 1.812150
1.000000 0.700000 45.714286 0.800000 5.449782
3.777778 0.700000 45.714286 0.800000 2.353157
6.555556 0.700000 45.714286 0.800000 1.903232
9.333333 0.700000 45.714286 0.800000 1.877464
12.111111 0.700000 45.714286 0.800000 1.936800
14.888889 0.700000 45.714286 0.800000 1.978303
17.666667 0.700000 45.714286 0.800000 1.973925
20.444444 0.700000 45.714286 0.800000 1.943822
23.222222 0.700000 45.714286 0.800000 1.902651
26.000000 0.700000 45.714286 0.800000 1.862466
1.000000 0.800000 45.714286 0.800000 5.756172
3.777778 0.800000 45.714286 0.800000 2.459430
6.555556 0.800000 45.714286 0.800000 1.940843
9.333333 0.800000 45.714286 0.800000 1.901030
12.111111 0.800000 45.714286 0.800000 1.965833
14.888889 0.800000 45.714286 0.800000 2.029583
17.666667 0.800000 45.714286 0.800000 2.040948
20.444444 0.800000 45.714286 0.800000 2.016163
23.222222 0.800000 45.714286 0.800000 1.971345
26.000000 0.800000 45.714286 0.800000 1.921928
1.000000 0.500000 47.857143 0.800000 4.920042
3.777778 0.500000 47.857143 0.800000 2.192477
6.555556 0.500000 47.857143 0.800000 1.859224
9.333333 0.500000 47.857143 0.800000 1.855443
12.111111 0.500000 47.857143 0.800000 1.892341
14.888889 0.500000 47.857143 0.800000 1.897505
17.666667 0.500000 47.857143 0.800000 1.881203
20.444444 0.500000 47.857143 0.800000 1.852866
23.222222 0.500000 47.857143 0.800000 1.823045
26.000000 0.500000 47.857143 0.800000 1.797820
1.000000 0.600000 47.857143 0.800000 5.151979
3.777778 0.600000 47.857143 0.800000 2.259953
6.555556 0.600000 47.857143 0.800000 1.886255
9.333333 0.600000 47.857143 0.800000 1.881036
12.111111 0.600000 47.857143 0.800000 1.936213
14.888889 0.600000 47.857143 0.800000 1.958143
17.666667 0.600000 47.857143 0.800000 1.944973
20.444444 0.600000 47.857143 0.800000 1.914399
23.222222 0.600000 47.857143 0.800000 1.875775
26.000000 0.600000 47.857143 0.800000 1.841343
1.000000 0.700000 47.857143 0.800000 5.425262
3.777778 0.700000 47.857143 0.800000 2.346745
6.555556 0.700000 47.857143 0.800000 1.916569
9.333333 0.700000 47.857143 0.800000 1.904208
12.111111 0.700000 47.857143 0.800000 1.972363
14.888889 0.700000 47.857143 0.800000 2.018190
17.666667 0.700000 47.857143 0.800000 2.014164
20.444444 0.700000 47.857143 0.800000 1.983556
23.222222 0.700000 47.857143 0.800000 1.939344
26.000000 0.700000 47.857143 0.800000 1.894225
1.000000 0.800000 47.857143 0.800000 5.730872
3.777778 0.800000 47.857143 0.800000 2.450982
6.555556 0.800000 47.857143 0.800000 1.952104
9.333333 0.800000 47.857143 0.800000 1.928587
12.111111 0.800000 47.857143 0.800000 2.001640
14.888889 0.800000 47.857143 0.800000 2.070135
17.666667 0.800000 47.857143 0.800000 2.081958
20.444444 0.800000 47.857143 0.800000 2.058548
23.222222 0.800000 47.857143 0.800000 2.011557
26.000000 0.800000 47.857143 0.800000 1.957911
1.000000 0.500000 50.000000 0.800000 4.897197
3.777778 0.500000 50.000000 0.800000 2.190356
6.555556 0.500000 50.000000 0.800000 1.876417
9.333333 0.500000 50.000000 0.800000 1.883043
12.111111 0.500000 50.000000 0.800000 1.927233
14.888889 0.500000 50.000000 0.800000 1.933661
17.666667 0.500000 50.000000 0.800000 1.916771
20.444444 0.500000 50.000000 0.800000 1.886443
23.222222 0.500000 50.000000 0.800000 1.853577
26.000000 0.500000 50.000000 0.800000 1.824873
1.000000 0.600000 50.000000 0.800000 5.129032
3.777778 0.600000 50.000000 0.800000 2.256600
6.555556 0.600000 50.000000 0.800000 1.902387
9.333333 0.600000 50.000000 0.800000 1.908942
12.111111 0.600000 50.000000 0.800000 1.971987
14.888889 0.600000 50.000000 0.800000 1.995083
17.666667 0.600000 50.000000 0.800000 1.983705
20.444444 0.600000 50.000000 0.800000 1.951402
23.222222 0.600000 50.000000 0.800000 1.909523
26.000000 0.600000 50.000000 0.800000 1.871660
1.000000 0.700000 50.000000 0.800000 5.401860
3.777778 0.700000 50.000000 0.800000 2.341926
6.555556 0.700000 50.000000 0.800000 1.931403
9.333333 0.700000 50.000000 0.800000 1.932213
12.111111 0.700000 50.000000 0.800000 2.009583
14.888889 0.700000 50.000000 0.800000 2.057440
17.666667 0.700000 50.000000 0.800000 2.054442
20.444444 0.700000 50.000000 0.800000 2.023870
23.222222 0.700000 50.000000 0.800000 1.976554
26.000000 0.700000 50.000000 0.800000 1.928812
1.000000 0.800000 50.000000 0.800000 5.706995
3.777778 0.800000 50.000000 0.800000 2.444334
6.555556 0.800000 50.000000 0.800000 1.964867
9.333333 0.800000 50.000000 0.800000 1.956297
12.111111 0.800000 50.000000 0.800000 2.038225
14.888889 0.800000 50.000000 0.800000 2.111306
17.666667 0.800000 50.000000 0.800000 2.124820
20.444444 0.800000 50.000000 0.800000 2.102302
23.222222 0.800000 50.000000 0.800000 2.052653
26.000000 0.800000 50.000000 0.800000 1.995490
1.000000 0.500000 20.000000 0.900000 5.392781
3.777778 0.500000 20.000000 0.900000 2.408638
6.555556 0.500000 20.000000 0.900000 1.836126
9.333333 0.500000 20.000000 0.900000 1.665214
12.111111 0.500000 20.000000 0.900000 1.610292
14.888889 0.500000 20.000000 0.900000 1.594327
17.666667 0.500000 20.000000 0.900000 1.591661
20.444444 0.500000 20.000000 0.900000 1.598192
23.222222 0.500000 20.000000 0.900000 1.615271
26.000000 0.500000 20.000000 0.900000 1.643170
1.000000 0.600000 20.000000 0.900000 5.630546
3.777778 0.600000 20.000000 0.900000 2.490894
6.555556 0.600000 20.000000 0.900000 1.870085
9.333333 0.600000 20.000000 0.900000 1.684447
12.111111 0.600000 20.000000 0.900000 1.627078
14.888889 0.600000 20.000000 0.900000 1.609642
17.666667 0.600000 20.000000 0.900000 1.603403
20.444444 0.600000 20.000000 0.900000 1.604536
23.222222 0.600000 20.000000 0.900000 1.612799
26.000000 0.600000 20.000000 0.900000 1.633224
1.000000 0.700000 20.000000 0.900000 5.910346
3.777778 0.700000 20.000000 0.900000 2.594751
6.555556 0.700000 20.000000 0.900000 1.916738
9.333333 0.700000 20.000000 0.900000 1.710362
12.111111 0.700000 20.000000 0.900000 1.650806
14.888889 0.700000 20.000000 0.900000 1.631000
17.666667 0.700000 20.000000 0.900000 1.623377
20.444444 0.700000 20.000000 0.900000 1.620046
23.222222 0.700000 20.000000 0.900000 1.621065
26.000000 0.700000 20.000000 0.900000 1.631648
1.000000 0.800000 20.000000 0.900000 6.224559
3.777778 0.800000 20.000000 0.900000 2.717688
6.555556 0.800000 20.000000 0.900000 1.975785
9.333333 0.800000 20.000000 0.900000 1.742508
12.111111 0.800000 20.000000 0.900000 1.677234
14.888889 0.800000 20.000000 0.900000 1.658644
17.666667 0.800000 20.000000 0.900000 1.649010
20.444444 0.800000 20.000000 0.900000 1.643370
23.222222 0.800000 20.000000 0.900000 1.638165
26.000000 0.800000 20.000000 0.900000 1.640482
1.000000 0.500000 22.142857 0.900000 5.333577
3.777778 0.500000 22.142857 0.900000 2.370550
6.555556 0.500000 22.142857 0.900000 1.815830
9.333333 0.500000 22.142857 0.900000 1.658416
12.111111 0.500000 22.142857 0.900000 1.611158
14.888889 0.500000 22.142857 0.900000 1.598094
17.666667 0.500000 22.142857 0.900000 1.595444
20.444444 0.500000 22.142857 0.900000 1.597564
23.222222 0.500000 22.142857 0.900000 1.609662
26.000000 0.500000 22.142857 0.900000 1.631999
1.000000 0.600000 22.142857 0.900000 5.570619
3.777778 0.600000 22.142857 0.900000 2.452391
6.555556 0.600000 22.142857 0.900000 1.849560
9.333333 0.600000 22.142857 0.900000 1.678873
12.111111 0.600000 22.142857 0.900000 1.630773
14.888889 0.600000 22.142857 0.900000 1.617303
17.666667 0.600000 22.142857 0.900000 1.611386
20.444444 0.600000 22.142857 0.900000 1.609367
23.222222 0.600000 22.142857 0.900000 1.612854
26.000000 0.600000 22.142857 0.900000 1.627621
1.000000 0.700000 22.142857 0.900000 5.849161
3.777778 0.700000 22.142857 0.900000 2.555217
6.555556 0.700000 22.142857 0.900000 1.895412
9.333333 0.700000 22.142857 0.900000 1.705075
12.111111 0.700000 22.142857 0.900000 1.656083
14.888889 0.700000 22.142857 0.900000 1.642327
17.666667 0.700000 22.142857 0.900000 1.635671
20.444444 0.700000 22.142857 0.900000 1.630301
23.222222 0.700000 22.142857 0.900000 1.626542
26.000000 0.700000 22.142857 0.900000 1.631825
1.000000 0.800000 22.142857 0.900000 6.162401
3.777778 0.800000 22.142857 0.900000 2.676868
6.555556 0.800000 22.142857 0.900000 1.952963
9.333333 0.800000 22.142857 0.900000 1.736565
12.111111 0.800000 22.142857 0.900000 1.683676
14.888889 0.800000 22.142857 0.900000 1.672239
17.666667 0.800000 22.142857 0.900000 1.665256
20.444444 0.800000 22.142857 0.900000 1.658013
23.222222 0.800000 22.142857 0.900000 1.649605
26.000000 0.800000 22.142857 0.900000 1.645857
1.000000 0.500000 24.285714 0.900000 5.280219
3.777778 0.500000 24.285714 0.900000 2.338237
6.555556 0.500000 24.285714 0.900000 1.801051
9.333333 0.500000 24.285714 0.900000 1.657312
12.111111 0.500000 24.285714 0.900000 1.617710
14.888889 0.500000 24.285714 0.900000 1.607627
17.666667 0.500000 24.285714 0.900000 1.603350
20.444444 0.500000 24.285714 0.900000 1.602972
23.222222 0.500000 24.285714 0.900000 1.609598
26.000000 0.500000 24.285714 0.900000 1.627562
1.000000 0.600000 24.285714 0.900000 5.516653
3.777778 0.600000 24.285714 0.900000 2.418888
6.555556 0.600000 24.285714 0.900000 1.833774
9.333333 0.600000 24.285714 0.900000 1.679333
12.111111 0.600000 24.285714 0.900000 1.639651
14.888889 0.600000 24.285714 0.900000 1.629795
17.666667 0.600000 24.285714 0.900000 1.624730
20.444444 0.600000 24.285714 0.900000 1.619667
23.222222 0.600000 24.285714 0.900000 1.618987
26.000000 0.600000 24.285714 0.900000 1.627552
1.000000 0.700000 24.285714 0.900000 5.794489
3.777778 0.700000 24.285714 0.900000 2.520528
6.555556 0.700000 24.285714 0.900000 1.878866
9.333333 0.700000 24.285714 0.900000 1.704795
12.111111 0.700000 24.285714 0.900000 1.666890
14.888889 0.700000 24.285714 0.900000 1.658441
17.666667 0.700000 24.285714 0.900000 1.652448
20.444444 0.700000 24.285714 0.900000 1.645054
23.222222 0.700000 24.285714 0.900000 1.638302
26.000000 0.700000 24.285714 0.900000 1.638361
1.000000 0.800000 24.285714 0.900000 6.106740
3.777778 0.800000 24.285714 0.900000 2.640769
6.555556 0.800000 24.285714 0.900000 1.935019
9.333333 0.800000 24.285714 0.900000 1.735882
12.111111 0.800000 24.285714 0.900000 1.695702
14.888889 0.800000 24.285714 0.900000 1.691505
17.666667 0.800000 24.285714 0.900000 1.686450
20.444444 0.800000 24.285714 0.900000 1.677890
23.222222 0.800000 24.285714 0.900000 1.665906
26.000000 0.800000 24.285714 0.900000 1.656704
1.000000 0.500000 26.428571 0.900000 5.232041
3.777778 0.500000 26.428571 0.900000 2.309554
6.555556 0.500000 26.428571 0.900000 1.790697
9.333333 0.500000 26.428571 0.900000 1.661204
12.111111 0.500000 26.428571 0.900000 1.628770
14.888889 0.500000 26.428571 0.900000 1.620952
17.666667 0.500000 26.428571 0.900000 1.616434
20.444444 0.500000 26.428571 0.900000 1.612537
23.222222 0.500000 26.428571 0.900000 1.615327
26.000000 0.500000 26.428571 0.900000 1.627755
1.000000 0.600000 26.428571 0.900000 5.467526
3.777778 0.600000 26.428571 0.900000 2.389956
6.555556 0.600000 26.428571 0.900000 1.822996
9.333333 0.600000 26.428571 0.900000 1.683461
12.111111 0.600000 26.428571 0.900000 1.654072
14.888889 0.600000 26.428571 0.900000 1.647437
17.666667 0.600000 26.428571 0.900000 1.641837
20.444444 0.600000 26.428571 0.900000 1.635053
23.222222 0.600000 26.428571 0.900000 1.629590
26.000000 0.600000 26.428571 0.900000 1.632954
1.000000 0.700000 26.428571 0.900000 5.744778
3.777778 0.700000 26.428571 0.900000 2.490219
6.555556 0.700000 26.428571 0.900000 1.867251
9.333333 0.700000 26.428571 0.900000 1.709828
12.111111 0.700000 26.428571 0.900000 1.682588
14.888889 0.700000 26.428571 0.900000 1.679819
17.666667 0.700000 26.428571 0.900000 1.673788
20.444444 0.700000 26.428571 0.900000 1.665239
23.222222 0.700000 26.428571 0.900000 1.653743
26.000000 0.700000 26.428571 0.900000 1.647920
1.000000 0.800000 26.428571 0.900000 6.056028
3.777778 0.800000 26.428571 0.900000 2.609069
6.555556 0.800000 26.428571 0.900000 1.921937
9.333333 0.800000 26.428571 0.900000 1.739808
12.111111 0.800000 26.428571 0.900000 1.711741
14.888889 0.800000 26.428571 0.900000 1.715326
17.666667 0.800000 26.428571 0.900000 1.712627
20.444444 0.800000 26.428571 0.900000 1.702714
23.222222 0.800000 26.428571 0.900000 1.686292
26.000000 0.800000 26.428571 0.900000 1.672017
1.000000 0.500000 28.571429 0.900000 5.187841
3.777778 0.500000 28.571429 0.900000 2.284991
6.555556 0.500000 28.571429 0.900000 1.784394
9.333333 0.500000 28.571429 0.900000 1.668646
12.111111 0.500000 28.571429 0.900000 1.644217
14.888889 0.500000 28.571429 0.900000 1.638804
17.666667 0.500000 28.571429 0.900000 1.633123
20.444444 0.500000 28.571429 0.900000 1.625923
23.222222 0.500000 28.571429 0.900000 1.624653
26.000000 0.500000 28.571429 0.900000 1.632620
1.000000 0.600000 28.571429 0.900000 5.422643
3.777778 0.600000 28.571429 0.900000 2.364559
6.555556 0.600000 28.571429 0.900000 1.816186
9.333333 0.600000 28.571429 0.900000 1.692609
12.111111 0.600000 28.571429 0.900000 1.671715
14.888889 0.600000 28.571429 0.900000 1.668576
17.666667 0.600000 28.571429 0.900000 1.663030
20.444444 0.600000 28.571429 0.900000 1.653798
23.222222 0.600000 28.571429 0.900000 1.643745
26.000000 0.600000 28.571429 0.900000 1.642748
1.000000 0.700000 28.571429 0.900000 5.699467
3.777778 0.700000 28.571429 0.900000 2.463483
6.555556 0.700000 28.571429 0.900000 1.859400
9.333333 0.700000 28.571429 0.900000 1.718254
12.111111 0.700000 28.571429 0.900000 1.702131
14.888889 0.700000 28.571429 0.900000 1.704904
17.666667 0.700000 28.571429 0.900000 1.699629
20.444444 0.700000 28.571429 0.900000 1.687978
23.222222 0.700000 28.571429 0.900000 1.672830
26.000000 0.700000 28.571429 0.900000 1.662581
1.000000 0.800000 28.571429 0.900000 6.010250
3.777778 0.800000 28.571429 0.900000 2.580937
6.555556 0.800000 28.571429 0.900000 1.912940
9.333333 0.800000 28.571429 0.900000 1.748107
12.111111 0.800000 28.571429 0.900000 1.730904
14.888889 0.800000 28.571429 0.900000 1.742620
17.666667 0.800000 28.571429 0.900000 1.742282
20.444444 0.800000 28.571429 0.900000 1.730213
23.222222 0.800000 28.571429 0.900000 1.710305
26.000000 0.800000 28.571429 0.900000 1.691417
1.000000 0.500000 30.714286 0.900000 5.147015
3.777778 0.500000 30.714286 0.900000 2.263401
6.555556 0.500000 30.714286 0.900000 1.781895
9.333333 0.500000 30.714286 0.900000 1.680393
12.111111 0.500000 30.714286 0.900000 1.663033
14.888889 0.500000 30.714286 0.900000 1.659221
17.666667 0.500000 30.714286 0.900000 1.652579
20.444444 0.500000 30.714286 0.900000 1.643342
23.222222 0.500000 30.714286 0.900000 1.638393
26.000000 0.500000 30.714286 0.900000 1.641415
1.000000 0.600000 30.714286 0.900000 5.381725
3.777778 0.600000 30.714286 0.900000 2.342186
6.555556 0.600000 30.714286 0.900000 1.813723
9.333333 0.600000 30.714286 0.900000 1.704358
12.111111 0.600000 30.714286 0.900000 1.693152
14.888889 0.600000 30.714286 0.900000 1.693676
17.666667 0.600000 30.714286 0.900000 1.687035
20.444444 0.600000 30.714286 0.900000 1.674990
23.222222 0.600000 30.714286 0.900000 1.661381
26.000000 0.600000 30.714286 0.900000 1.655392
1.000000 0.700000 30.714286 0.900000 5.657766
3.777778 0.700000 30.714286 0.900000 2.439944
6.555556 0.700000 30.714286 0.900000 1.855451
9.333333 0.700000 30.714286 0.900000 1.730600
12.111111 0.700000 30.714286 0.900000 1.725097
14.888889 0.700000 30.714286 0.900000 1.733402
17.666667 0.700000 30.714286 0.900000 1.728507
20.444444 0.700000 30.714286 0.900000 1.714353
23.222222 0.700000 30.714286 0.900000 1.694178
26.000000 0.700000 30.714286 0.900000 1.680198
1.000000 0.800000 30.714286 0.900000 5.968007
3.777778 0.800000 30.714286 0.900000 2.555764
6.555556 0.800000 30.714286 0.900000 1.907363
9.333333 0.800000 30.714286 0.900000 1.759353
12.111111 0.800000 30.714286 0.900000 1.754540
14.888889 0.800000 30.714286 0.900000 1.774100
17.666667 0.800000 30.714286 0.900000 1.774476
20.444444 0.800000 30.714286 0.900000 1.760476
23.222222 0.800000 30.714286 0.900000 1.736873
26.000000 0.800000 30.714286 0.900000 1.712829
1.000000 0.500000 32.857143 0.900000 5.109633
3.777778 0.500000 32.857143 0.900000 2.245103
6.555556 0.500000 32.857143 0.900000 1.783353
9.333333 0.500000 32.857143 0.900000 1.695478
12.111111 0.500000 32.857143 0.900000 1.684918
14.888889 0.500000 32.857143 0.900000 1.682771
17.666667 0.500000 32.857143 0.900000 1.674549
20.444444 0.500000 32.857143 0.900000 1.662341
23.222222 0.500000 32.857143 0.900000 1.654556
26.000000 0.500000 32.857143 0.900000 1.652901
1.000000 0.600000 32.857143 0.900000 5.343763
3.777778 0.600000 32.857143 0.900000 2.322594
6.555556 0.600000 32.857143 0.900000 1.814377
9.333333 0.600000 32.857143 0.900000 1.720141
12.111111 0.600000 32.857143 0.900000 1.718123
14.888889 0.600000 32.857143 0.900000 1.721480
17.666667 0.600000 32.857143 0.900000 1.714199
20.444444 0.600000 32.857143 0.900000 1.698684
23.222222 0.600000 32.857143 0.900000 1.682517
26.000000 0.600000 32.857143 0.900000 1.672076
1.000000 0.700000 32.857143 0.900000 5.619432
3.777778 0.700000 32.857143 0.900000 2.419275
6.555556 0.700000 32.857143 0.900000 1.854928
9.333333 0.700000 32.857143 0.900000 1.745760
12.111111 0.700000 32.857143 0.900000 1.751432
14.888889 0.700000 32.857143 0.900000 1.764579
17.666667 0.700000 32.857143 0.900000 1.759637
20.444444 0.700000 32.857143 0.900000 1.742335
23.222222 0.700000 32.857143 0.900000 1.719107
26.000000 0.700000 32.857143 0.900000 1.700964
1.000000 0.800000 32.857143 0.900000 5.928900
3.777778 0.800000 32.857143 0.900000 2.533580
6.555556 0.800000 32.857143 0.900000 1.904573
9.333333 0.800000 32.857143 0.900000 1.773471
12.111111 0.800000 32.857143 0.900000 1.780383
14.888889 0.800000 32.857143 0.900000 1.807182
17.666667 0.800000 32.857143 0.900000 1.809897
20.444444 0.800000 32.857143 0.900000 1.792955
23.222222 0.800000 32.857143 0.900000 1.765583
26.000000 0.800000 32.857143 0.900000 1.738195
1.000000 0.500000 35.000000 0.900000 5.074818
3.777778 0.500000 35.000000 0.900000 2.230118
6.555556 0.500000 35.000000 0.900000 1.787438
9.333333 0.500000 35.000000 0.900000 1.712912
12.111111 0.500000 35.000000 0.900000 1.709714
14.888889 0.500000 35.000000 0.900000 1.709599
17.666667 0.500000 35.000000 0.900000 1.699621
20.444444 0.500000 35.000000 0.900000 1.685234
23.222222 0.500000 35.000000 0.900000 1.674065
26.000000 0.500000 35.000000 0.900000 1.667529
1.000000 0.600000 35.000000 0.900000 5.308389
3.777778 0.600000 35.000000 0.900000 2.306040
6.555556 0.600000 35.000000 0.900000 1.818078
9.333333 0.600000 35.000000 0.900000 1.737919
12.111111 0.600000 35.000000 0.900000 1.745576
14.888889 0.600000 35.000000 0.900000 1.750936
17.666667 0.600000 35.000000 0.900000 1.742521
20.444444 0.600000 35.000000 0.900000 1.725201
23.222222 0.600000 35.000000 0.900000 1.705304
26.000000 0.600000 35.000000 0.900000 1.691203
1.000000 0.700000 35.000000 0.900000 5.583487
3.777778 0.700000 35.000000 0.900000 2.401035
6.555556 0.700000 35.000000 0.900000 1.857241
9.333333 0.700000 35.000000 0.900000 1.763463
12.111111 0.700000 35.000000 0.900000 1.779344
14.888889 0.700000 35.000000 0.900000 1.797917
17.666667 0.700000 35.000000 0.900000 1.793174
20.444444 0.700000 35.000000 0.900000 1.772592
23.222222 0.700000 35.000000 0.900000 1.746574
26.000000 0.700000 35.000000 0.900000 1.723765
1.000000 0.800000 35.000000 0.900000 5.892699
3.777778 0.800000 35.000000 0.900000 2.514372
6.555556 0.800000 35.000000 0.900000 1.905002
9.333333 0.800000 35.000000 0.900000 1.790516
12.111111 0.800000 35.000000 0.900000 1.809029
14.888889 0.800000 35.000000 0.900000 1.841527
17.666667 0.800000 35.000000 0.900000 1.846774
20.444444 0.800000 35.000000 0.900000 1.827935
23.222222 0.800000 35.000000 0.900000 1.796927
26.000000 0.800000 35.000000 0.900000 1.765194
1.000000 0.500000 37.142857 0.900000 5.042213
3.777778 0.500000 37.142857 0.900000 2.217429
6.555556 0.500000 37.142857 0.900000 1.794582
9.333333 0.500000 37.142857 0.900000 1.733302
12.111111 0.500000 37.142857 0.900000 1.737142
14.888889 0.500000 37.142857 0.900000 1.737944
17.666667 0.500000 37.142857 0.900000 1.727530
20.444444 0.500000 37.142857 0.900000 1.710343
23.222222 0.500000 37.142857 0.900000 1.695142
26.000000 0.500000 37.142857 0.900000 1.685781
1.000000 0.600000 37.142857 0.900000 5.275518
3.777778 0.600000 37.142857 0.900000 2.292274
6.555556 0.600000 37.142857 0.900000 1.824100
9.333333 0.600000 37.142857 0.900000 1.758700
12.111111 0.600000 37.142857 0.900000 1.774022
14.888889 0.600000 37.142857 0.900000 1.783758
17.666667 0.600000 37.142857 0.900000 1.773467
20.444444 0.600000 37.142857 0.900000 1.753470
23.222222 0.600000 37.142857 0.900000 1.730867
26.000000 0.600000 37.142857 0.900000 1.712605
1.000000 0.700000 37.142857 0.900000 5.550365
3.777778 0.700000 37.142857 0.900000 2.385625
6.555556 0.700000 37.142857 0.900000 1.861768
9.333333 0.700000 37.142857 0.900000 1.783070
12.111111 0.700000 37.142857 0.900000 1.808687
14.888889 0.700000 37.142857 0.900000 1.833611
17.666667 0.700000 37.142857 0.900000 1.827761
20.444444 0.700000 37.142857 0.900000 1.804773
23.222222 0.700000 37.142857 0.900000 1.775590
26.000000 0.700000 37.142857 0.900000 1.749627
1.000000 0.800000 37.142857 0.900000 5.858786
3.777778 0.800000 37.142857 0.900000 2.497594
6.555556 0.800000 37.142857 0.900000 1.907720
9.333333 0.800000 37.142857 0.900000 1.809768
12.111111 0.800000 37.142857 0.900000 1.838388
14.888889 0.800000 37.142857 0.900000 1.879249
17.666667 0.800000 37.142857 0.900000 1.885510
20.444444 0.800000 37.142857 0.900000 1.864639
23.222222 0.800000 37.142857 0.900000 1.830302
26.000000 0.800000 37.142857 0.900000 1.795033
1.000000 0.500000 39.285714 0.900000 5.011639
3.777778 0.500000 39.285714 0.900000 2.207088
6.555556 0.500000 39.285714 0.900000 1.804038
9.333333 0.500000 39.285714 0.900000 1.755714
12.111111 0.500000 39.285714 0.900000 1.766747
14.888889 0.500000 39.285714 0.900000 1.768588
17.666667 0.500000 39.285714 0.900000 1.755759
20.444444 0.500000 39.285714 0.900000 1.736136
23.222222 0.500000 39.285714 0.900000 1.717876
26.000000 0.500000 39.285714 0.900000 1.705008
1.000000 0.600000 39.285714 0.900000 5.244897
3.777778 0.600000 39.285714 0.900000 2.280471
6.555556 0.600000 39.285714 0.900000 1.832019
9.333333 0.600000 39.285714 0.900000 1.780800
12.111111 0.600000 39.285714 0.900000 1.805062
14.888889 0.600000 39.285714 0.900000 1.817041
17.666667 0.600000 39.285714 0.900000 1.806464
20.444444 0.600000 39.285714 0.900000 1.783671
23.222222 0.600000 39.285714 0.900000 1.757985
26.000000 0.600000 39.285714 0.900000 1.736451
1.000000 0.700000 39.285714 0.900000 5.518794
3.777778 0.700000 39.285714 0.900000 2.371914
6.555556 0.700000 39.285714 0.900000 1.868777
9.333333 0.700000 39.285714 0.900000 1.804919
